-3.510367386607294860e-01 -7.501508397134739603e-01
3.034899999999999931e+00 3.255700000000000260e-02
8.621459308566468138e-01 4.705599819235020687e-01
-1.885117206513636443e-02 1.113638879172901497e+00
5.532766731749778621e-01 1.655434459917880963e+00
-4.466588456502369048e-02 -1.151647954716662065e-01
2.954214308497411789e-02 -1.002435854522310432e+00
2.005501825694447682e+00 -1.976703069828980031e-01
1.606781810730841142e+00 -6.190519674443584197e-01
1.417200000000000015e+00 2.350499999999999812e+00
9.712857438463873283e-01 -5.301388994538441812e-01
-1.188199571505874852e+00 2.270247995858426238e-01
1.031307711141487449e+00 -7.063311530731483656e-02
1.706327169331787630e+00 9.385651817392896001e-01
5.772198888605374334e-01 -5.819502418038580149e-01
1.066299220714707952e+00 -9.954741897954916263e-01
5.995136421680493655e-01 -1.029788793548293224e+00
-1.584133187188817016e-01 4.793168725906245542e-01
4.956772733706809042e-01 -1.775430505817679194e-01
-6.303949363083933832e-01 -1.739686643240341279e-01
1.065734950918999946e+00 1.185936740773186893e+00
-9.699457773162333263e-01 2.462709257566943893e-03
-8.593061691191694607e-01 -7.773432822309515877e-02
-8.094999999999999973e-01 1.587699999999999889e+00
-2.944300000000000139e+00 -8.044700000000000184e-01
1.328396991343254285e+00 7.435320927998529950e-01
5.549760623109759594e-01 9.624806892075400411e-01
-3.078180036912859241e-01 -3.118873782592352928e-01
1.701633952218313039e+00 3.851497740144796400e-01
-7.276637556623740677e-01 -8.853358199434920861e-01
1.898684362919787760e-01 -8.058706354833660157e-01
-1.967284218665489581e-01 -7.838719957080686473e-03
3.317928583601226222e-01 6.573333869036211974e-01
3.128600000000000270e-01 2.585500000000000131e+00
-1.109565213219478735e-01 -6.043855057851168500e-01
8.653851014467725533e-02 -6.931400515222244096e-02
1.636929879519182299e-02 -2.674030414309914172e-01
6.277099999999999902e-01 -1.933000000000000052e+00
1.480429323294956800e+00 -2.165425804488552985e-01
1.109299999999999953e+00 -1.794699999999999962e+00
-5.739795412690619214e-01 7.161918584180744229e-01
2.832219135930572063e-01 -5.798232969741189402e-01
-1.133061776182511249e+00 -3.156494843388480964e-01
-5.543499458977309002e-01 -5.065671173548528250e-01
2.260067954298617676e-01 2.248027371087073512e-01
1.917669467307620668e+00 2.136792474281406021e-02
-6.634835617049217316e-01 1.681320410587181791e-01
5.749872318769846391e-01 6.958537983132270233e-01
7.224152099535502414e-03 1.735632410814662574e+00
1.391369988233160715e+00 1.151842299235779910e-01
