# Summary:
# total steps taken: 29
# of which successful: 17
# of which wkb: 5
# time, sol, dsol, wkb? (type)
1;(0.535560883292352,0.103997389496945);(0.0101605671166452,-0.592375626422792);0
1.24353449994014;(0.520931522838745,-0.0419881297856737);(-0.134883599017838,-0.600168702670243);0
1.56567202483691;(0.44245462956383,-0.227754726718549);(-0.354840510697167,-0.536771174141802);0
1.86425826966221;(0.306756314736663,-0.36728231070784);(-0.548128276831881,-0.381406517933452);0
2.14468507093081;(0.133748264174932,-0.443548328228421);(-0.672443059343873,-0.149975257556078);0
2.41030258176496;(-0.0505156663194726,-0.447849334622358);(-0.696869652413467,0.123340381180158);0
2.66358823380822;(-0.21828605606301,-0.382095513723293);(-0.608414002025737,0.39331109520928);0
2.90635602760826;(-0.344568658166104,-0.258721927469334);(-0.414871305204203,0.612341465042312);0
3.14002412124606;(-0.411178453400302,-0.0987519330991099);(-0.14389566427821,0.73963851902569);0
3.36582509151923;(-0.409540758420706,0.0716637878232689);(0.161746551010859,0.748998634433158);0
3.58469028764896;(-0.341850125554096,0.225262403583292);(0.451263658110437,0.63386715471187);0
3.79736977003973;(-0.22065341290246,0.337987806428852);(0.674712033935585,0.409236105489049);0
4.00446998901292;(-0.0667431039029273,0.392762346267177);(0.791896604552392,0.1096758885343);0
4.21310491100704;(0.0994243484681922,0.380651552442783);(0.777048915282148,-0.226715467098699);1
7.30717616004625;(0.337008098763061,0.0643275734037796);(0.16235990159972,-0.9134346859222);1
23.0898404925025;(-0.154993495042203,0.205431436870765);(0.989016454680397,0.742628386768641);1
41.8304106189834;(-0.194007345865522,0.107556373097196);(0.697030779823371,1.25411507758864);1
60;(0.0777626534092853,-0.187178670458786);(-1.45041532705792,-0.601713362662906);1
1;(0.53556088329235218559,0.10399738949694467549);;
1.0160804020100502321;(0.53565459548240079712,0.09445875183562864319);;
1.0321608040201004641;(0.53560748246225386993,0.084895458728891801115);;
1.0482412060301506962;(0.53541735966811432323,0.075309597253909787984);;
1.0643216080402009283;(0.53508208494949871525,0.065703350358338602488);;
1.0804020100502511603;(0.53459955856923679907,0.056078996860314624107);;
1.0964824120603016144;(0.53396772320347207774,0.046438911448454425757);;
1.1125628140703518465;(0.53318456394166124923,0.036785564681855356661);;
1.1286432160804020786;(0.53224810828657453943,0.027121522990094737438);;
1.1447236180904523106;(0.53115642615429570217,0.017449448673230380513);;
1.1608040201005025427;(0.52990762987422190822,0.007772099901800402777);;
1.1768844221105527748;(0.52849987418906363423,-0.0019076692831766078884);;
1.1929648241206030068;(0.52693135625484488482,-0.011586908970201773017);;
1.2090452261306532389;(0.52520031564090330356,-0.021262573377295868049);;
1.2251256281407034709;(0.52330503432988983992,-0.030931520851999239063);;
1.241206030150753703;(0.52124383671776863824,-0.040590513871371941557);;
1.2572864321608041571;(0.51901513417398570382,-0.050236070588199864539);;
1.2733668341708543892;(0.51661751743869366305,-0.059864695631938552589);;
1.2894472361809046212;(0.51404965373632194314,-0.069473180311563131895);;
1.3055276381909548533;(0.51131029396018501387,-0.079058237202367626084);;
1.3216080402010050854;(0.50839827365453360564,-0.08861649342123475992);;
1.3376884422110553174;(0.50531251301455459846,-0.098144490626635910724);;
1.3537688442211055495;(0.50205201688637068891,-0.10763868501863108063);;
1.3698492462311557816;(0.49861587476704088973,-0.1170954473388689937);;
1.3859296482412060136;(0.49500326080455997468,-0.12651106287058699884);;
1.4020100502512562457;(0.49121343379785892269,-0.13588173143861109748);;
1.4180904522613064778;(0.48724573719680464023,-0.14520356740935599915);;
1.4341708542713567098;(0.48309959910220029444,-0.15447259969082499653);;
1.4502512562814069419;(0.47877453226578481349,-0.1636847717326101459);;
1.466331658291457396;(0.47427013409023327517,-0.17283594152589218385);;
1.4824120603015076281;(0.46958608662915701792,-0.18192188160344024972);;
1.4984924623115578601;(0.46472215658710308572,-0.19093827903961235748);;
1.5145728643216080922;(0.45967819531955478318,-0.19988073545035531242);;
1.5306532663316583243;(0.45445413883293128698,-0.20874476699320423934);;
1.5467336683417085563;(0.44905000778458797894,-0.2175258043672832764);;
1.5628140703517590104;(0.44346590748281616845,-0.22621919281330507556);;
1.5788944723618092425;(0.4377023209707421314,-0.23482029641216614624);;
1.5949748743718594746;(0.43176017445268632944,-0.24332483543644173318);;
1.6110552763819097066;(0.42564004984558873046,-0.25172854179901477112);;
1.6271356783919599387;(0.41934265364066375392,-0.26002710657476019174);;
1.6432160804020101708;(0.4128688308165048837,-0.26821618014552717213);;
1.6592964824120604028;(0.40621956483908450153,-0.27629137220013921805);;
1.6753768844221106349;(0.39939597766175405358,-0.28424825173439421944);;
1.691457286432160867;(0.39239932972524393939,-0.29208234705106417284);;
1.707537688442211099;(0.38523101995766362293,-0.29978914575989545899);;
1.7236180904522613311;(0.37789258577450146603,-0.30736409477760878728);;
1.7396984924623115631;(0.37038570307862489495,-0.31480260032789908475);;
1.7557788944723617952;(0.36271218626028040033,-0.32210002794143566263);;
1.7718592964824120273;(0.35487398819709331521,-0.32925170245586193873);;
1.7879396984924622593;(0.34687320025406814805,-0.3362529080157957706);;
1.8040201005025124914;(0.33871205228358824968,-0.34309888807282928891);;
1.8201005025125629455;(0.33039291262541603533,-0.34978484538552889749);;
1.8361809045226131776;(0.32191828810669309568,-0.35630594201943521782);;
1.8522613065326634096;(0.31329082404193969724,-0.36265729934706325555);;
1.8683417085427136417;(0.30451332707673206546,-0.36883401575961405339);;
1.8844221105527638738;(0.29558912279837618042,-0.37483172646946560924);;
1.9005025125628141058;(0.28652130401157138717,-0.38064627663779804223);;
1.9165829145728645599;(0.27731292827791342859,-0.38627344669279406464);;
1.932663316582914792;(0.26796722085617608045,-0.39170905140554079793);;
1.9487437185929650241;(0.25848757470231048528,-0.39694893989003010581);;
1.9648241206030152561;(0.24887755046944540216,-0.40198899560315815016);;
1.9809045226130654882;(0.23914087650788723449,-0.40682513634472561304);;
1.9969849246231157203;(0.22928144886512008549,-0.41145331425743769671);;
2.0130653266331659523;(0.2193033312858055639,-0.41586951582690406815);;
2.0291457286432161844;(0.20921075521178306156,-0.42006976188163880348);;
2.0452261306532664165;(0.19900811978206933706,-0.42405010759306055457);;
2.0613065326633166485;(0.18869999183285898758,-0.42780664247549243795);;
2.0773869346733668806;(0.17829110589752417138,-0.43133549038616203486);;
2.0934673366834171127;(0.16778636420661469097,-0.43463280952520133571);;
2.1095477386934673447;(0.15719083668785785446,-0.43769479243564701765);;
2.1256281407035180209;(0.14650976096615847544,-0.44051766600344011149);;
2.1417085427135678088;(0.13574854236360001103,-0.44309769145742583518);;
2.157788944723618485;(0.12491282826996706612,-0.44543148777802721305);;
2.173869346733668273;(0.11400818065290882486,-0.44751639044815338941);;
2.1899497487437189491;(0.1030399322239597959,-0.44934950933539880014);;
2.2060301507537687371;(0.092013563213104554439,-0.45092806686535624738);;
2.2221105527638194133;(0.080934710164804954391,-0.45224941067384494264);;
2.2381909547738692012;(0.069809165938005068863,-0.45331101360690967406);;
2.2542713567839198774;(0.058642879706126249673,-0.45411047372082136153);;
2.2703517587939696654;(0.047441956957071984569,-0.4546455142820768347);;
2.2864321608040203415;(0.03621265949322302613,-0.45491398376739888842);;
2.3025125628140705736;(0.024961405431442110214,-0.45491385586373617178);;
2.3185929648241208056;(0.013694769203070306096,-0.45464322946826352112);;
2.3346733668341710377;(0.0024194815539288760942,-0.45410032868838146047);;
2.3507537688442212698;(-0.0088575704556813350532,-0.45328350284171659013);;
2.3668341708542715018;(-0.020129343450979608754,-0.45219122645612142009);;
2.3829145728643217339;(-0.031388637742705532974,-0.45082209926967453661);;
2.398994974874371966;(-0.042628097327119141013,-0.44917484623068026917);;
2.415075376884422198;(-0.053840212927038583191,-0.44724835967334453102);;
2.4311557788944724301;(-0.065017656435301829365,-0.4450423938989499506);;
2.4472361809045226622;(-0.076153497608124287588,-0.44255666585294761717);;
2.4633165829145733383;(-0.087240756178560197043,-0.43979089412919575297);;
2.4793969849246231263;(-0.098272354683519566598,-0.43674500709113867059);;
2.4954773869346738024;(-0.10924111846377135282,-0.43341914287180605125);;
2.5115577889447235904;(-0.12013977566393901908,-0.42981364937381388858);;
2.5276381909547742666;(-0.13096095723250539278,-0.42592908426936332278);;
2.5437185929648240545;(-0.14169719692180765547,-0.42176621500024197298);;
2.5597989949748747307;(-0.15234093128804249151,-0.41732601877782249389);;
2.5758793969849245187;(-0.16288449969126092554,-0.41260968258306424117);;
2.5919597989949751948;(-0.1733201442953732907,-0.40761860316651132852);;
2.6080402010050249828;(-0.18364001006814459349,-0.40235438704829468159);;
2.624120603015075659;(-0.19383614478119889912,-0.39681885051812998411);;
2.640201005025125891;(-0.2039004990100152237,-0.39101401963531962069);;
2.6562814070351761231;(-0.21382492613393061509,-0.38494213022875134467);;
2.6723618090452263552;(-0.22360127505751214994,-0.37860575230417947701);;
2.6884422110552765872;(-0.23322213069371955374,-0.3720081352066641478);;
2.7045226130653268193;(-0.24268026162446185157,-0.36515220051751406949);;
2.7206030150753770513;(-0.25196841431788019605,-0.35804104387893809225);;
2.7366834170854272834;(-0.26107934011929423423,-0.35067802449332002857);;
2.7527638190954775155;(-0.27000579525120227409,-0.34306676512321876427);;
2.7688442211055277475;(-0.27874054081328120125,-0.33521115209136842505);;
2.7849246231155779796;(-0.28727634278238634025,-0.32711533528067820997);;
2.8010050251256282117;(-0.29560597201255156552,-0.31878372813423228038);;
2.8170854271356784437;(-0.30372220423498952346,-0.31022100765528998201);;
2.8331658291457291199;(-0.3116178200580914659,-0.3014321144072856784);;
2.8492462311557789079;(-0.31928560496742636188,-0.2924222525138294726);;
2.865326633165829584;(-0.32671834932574317367,-0.28319688965870520869);;
2.881407035175879372;(-0.33390884837296797016,-0.27376175708587352498);;
2.8974874371859300481;(-0.34084990222620670242,-0.26412284959946835672);;
2.9135678391959798361;(-0.34753440924377193566,-0.25428647781854907262);;
2.9296482412060305123;(-0.35395626665561302771,-0.24425932997810673175);;
2.9457286432160803002;(-0.36010953525506728123,-0.23404770624250142985);;
2.9618090452261309764;(-0.3659883191926338597,-0.22365806438268559519);;
2.9778894472361812085;(-0.37158685557512372011,-0.21309712803644020873);;
2.9939698492462314405;(-0.37689951446566161142,-0.20237188670837155668);;
3.0100502512562816726;(-0.3819207988836853529,-0.19148959576991267384);;
3.0261306532663319047;(-0.38664534480494566759,-0.18045777645932309374);;
3.0422110552763821367;(-0.39106792116150651539,-0.16928421588168882095);;
3.0582914572864323688;(-0.39518342984174503751,-0.15797696700892235877);;
3.0743718592964826009;(-0.39898690569035133446,-0.14654434867976262602);;
3.0904522613065328329;(-0.40247351650832874359,-0.13499494559977509578);;
3.106532663316583065;(-0.40563856305299356153,-0.12333760834135176765);;
3.122613065326633297;(-0.40847747903797537727,-0.11158145334371091795);;
3.1386934673366835291;(-0.4109858311332167391,-0.099735862912897543797);;
3.1547738693467337612;(-0.41315983625492019859,-0.087810437288541334788);;
3.1708542713567839932;(-0.41499655502263482765,-0.075814336831111953097);;
3.1869346733668342253;(-0.41649289257674754205,-0.063756588184362000815);;
3.2030150753768844574;(-0.41764601183786570493,-0.051646421001280237717);;
3.2190954773869346894;(-0.41845333642676491026,-0.039493270446057757161);;
3.2351758793969853656;(-0.41891255066438920496,-0.027306777194087708538);;
3.2512562814070355977;(-0.41902159957185108885,-0.015096787431966574022);;
3.2673366834170858297;(-0.41877868887043129265,-0.0028733528574922256871);;
3.2834170854271360618;(-0.41818228498157905548,0.0093532693203347699873);;
3.2994974874371862938;(-0.4172311150269119584,0.021572616381311499056);;
3.3155778894472365259;(-0.41592416682821597984,0.033774020094032686234);;
3.331658291457286758;(-0.41426068890744555118,0.04594660671589059775);;
3.34773869346733699;(-0.41224019048672327914,0.0580792969930753189);;
3.3638190954773872221;(-0.40986244148834038992,0.07016080616057446262);;
3.3798994974874374542;(-0.40712789516524583444,0.082179889784747300885);;
3.3959798994974876862;(-0.40403770690317319936,0.094126119254627313437);;
3.4120603015075379183;(-0.40059283291539676819,0.10598915979879197646);;
3.4281407035175881504;(-0.39679457899172465574,0.11775859230257554322);;
3.4442211055276383824;(-0.39264460863089339915,0.12942391299374819691);;
3.4603015075376886145;(-0.3881449430405678469,0.14097453344251614782);;
3.4763819095477388466;(-0.38329796113734121432,0.15239978056152159169);;
3.4924623115577890786;(-0.37810639954673502805,0.16368889660584273749);;
3.5085427135678393107;(-0.37257335260319934811,0.17483103917299375185);;
3.5246231155778895427;(-0.36670227235011243483,0.1858152812029247869);;
3.5407035175879397748;(-0.3604969685397810264,0.1966306109780220357);;
3.5567839195979900069;(-0.35396160863344017233,0.20726593212310759351);;
3.572864321608040683;(-0.34710071780125312246,0.21771006360543987412);;
3.5889447236180909151;(-0.339919208695713293,0.22795176582874274174);;
3.6050251256281411472;(-0.33242279813831282498,0.23798065316365429878);;
3.6211055276381913792;(-0.32461700351302508194,0.24778698945379590279);;
3.6371859296482416113;(-0.316507481223073317,0.2573610398088945761);;
3.6532663316582918434;(-0.30810028370375214246,0.26669314936372312541);;
3.6693467336683420754;(-0.29940185942242741879,0.27577374327810016963);;
3.6854271356783923075;(-0.29041905287853631012,0.28459332673689013982);;
3.7015075376884425395;(-0.28115910460358722878,0.29314248495000339023);;
3.7175879396984927716;(-0.2716296511611597797,0.30141188315239586526);;
3.7336683417085430037;(-0.26183872514690498257,0.30939226660406959901);;
3.7497487437185932357;(-0.25179475518854499416,0.31707446059007216022);;
3.7658291457286434678;(-0.24150656594587327497,0.32444937042049720732);;
3.7819095477386936999;(-0.23098337811075464465,0.33150798143048398892);;
3.7979899497487439319;(-0.22023481017256635317,0.33824135879283717676);;
3.814070351758794164;(-0.20927096003899764431,0.3446414266243519875);;
3.8301507537688443961;(-0.19810158817882922433,0.35070107159220154092);;
3.8462311557788946281;(-0.18673642056415279411,0.35641317404659234036);;
3.8623115577889448602;(-0.17518554008786227372,0.36177087371251925862);;
3.8783919597989950923;(-0.16345938656365360808,0.36676756968976564899);;
3.8944723618090453243;(-0.15156875672602482252,0.37139692045290317868);;
3.9105527638190955564;(-0.13952480423027602274,0.37565284385129216194);;
3.9266331658291462325;(-0.12733903965250914503,0.37952951710908128247);;
3.9427135678391964646;(-0.11502333048962909423,0.3830213768252074269);;
3.9587939698492466967;(-0.1025899011593419119,0.38612311897339618438);;
3.9748743718592969287;(-0.090051333000156080777,0.38882969890216151354);;
3.9909547738693471608;(-0.077420564271382191768,0.39113633133480574244);;
4.0070351758793973929;(-0.064710870171811749052,0.39303850636861170642);;
4.0231155778894471808;(-0.051934616130703173398,0.39453294705547958809);;
4.039195979899497857;(-0.03910432910569678483,0.39561685325943168889);;
4.0552763819095485331;(-0.026233199202462417071,0.39628747263648650412);;
4.0713567839195983211;(-0.013334564687428824073,0.39654247677320991761);;
4.0874371859296481091;(-0.00042189851104010653174,0.39637996875037129207);;
4.1035175879396987852;(0.012491205534062074095,0.39579849029227842649);;
4.1195979899497494614;(0.025391047008075054436,0.39479702848466907694);;
4.1356783919597992494;(0.038263833359629885467,0.39337502204433300035);;
4.1517587939698490374;(0.051095694788473276782,0.39153236712396588537);;
4.1678391959798997135;(0.063872699420972289808,0.38926942263613156792);;
4.1839195979899503897;(0.076580868783391459198,0.38658701508061571461);;
4.2000000000000001776;(0.089206193557117174908,0.38348644285990779457);;
