# Summary:
# total steps taken: 29
# of which successful: 17
# of which wkb: 5
# time, sol, dsol, wkb? (type)
1;(0.535560883292352,0.103997389496945);(0.0101605671166452,-0.592375626422792);0
1.24353449994014;(0.520931522838745,-0.0419881297856737);(-0.134883599017838,-0.600168702670243);0
1.56567202483691;(0.44245462956383,-0.227754726718549);(-0.354840510697167,-0.536771174141802);0
1.86425826966221;(0.306756314736663,-0.36728231070784);(-0.548128276831881,-0.381406517933452);0
2.14468507093081;(0.133748264174932,-0.443548328228421);(-0.672443059343873,-0.149975257556078);0
2.41030258176496;(-0.0505156663194726,-0.447849334622358);(-0.696869652413467,0.123340381180158);0
2.66358823380822;(-0.21828605606301,-0.382095513723293);(-0.608414002025737,0.39331109520928);0
2.90635602760826;(-0.344568658166104,-0.258721927469334);(-0.414871305204203,0.612341465042312);0
3.14002412124606;(-0.411178453400302,-0.0987519330991099);(-0.14389566427821,0.73963851902569);0
3.36582509151923;(-0.409540758420706,0.0716637878232689);(0.161746551010859,0.748998634433158);0
3.58469028764896;(-0.341850125554096,0.225262403583292);(0.451263658110437,0.63386715471187);0
3.79736977003973;(-0.22065341290246,0.337987806428852);(0.674712033935585,0.409236105489049);0
4.00446998901292;(-0.0667431039029273,0.392762346267177);(0.791896604552392,0.1096758885343);0
4.21310491100704;(0.0994243484681922,0.380651552442783);(0.777048915282148,-0.226715467098699);1
7.30717616004625;(0.337008098763061,0.0643275734037796);(0.16235990159972,-0.9134346859222);1
23.0898404925025;(-0.154993495042203,0.205431436870765);(0.989016454680397,0.742628386768641);1
41.8304106189834;(-0.194007345865522,0.107556373097196);(0.697030779823371,1.25411507758864);1
60;(0.0777626534092853,-0.187178670458786);(-1.45041532705792,-0.601713362662906);1
1;(0.53556088329235218559,0.10399738949694467549);;
1.0452261306532664165;(0.53546400017696194062,0.07710856620484904389);;
1.0904522613065326109;(0.5342222874374289443,0.050055632330856220102);;
1.1356783919597990273;(0.53178970976045425445,0.022890818452272004846);;
1.1809045226130652217;(0.52812288565801801532,-0.0043276461828128526266);;
1.2261306532663316382;(0.52318108746737845838,-0.031535533655523612095);;
1.2713567839195980547;(0.51692650337291878859,-0.058662152440794396169);;
1.3165829145728644711;(0.50932689444322820638,-0.085632624606506571596);;
1.3618090452261306655;(0.50035595517535569332,-0.11237197535458585962);;
1.40703517587939686;(0.48999266425131188241,-0.1388002358039450157);;
1.4522613065326632764;(0.47822129701058735396,-0.16483208989182585036);;
1.4974874371859296929;(0.4650314254501529132,-0.19037687437379879896);;
1.5427135678391961093;(0.45041791822445909066,-0.21533857882376339354);;
1.5879396984924623037;(0.43438179988103015061,-0.23961625416523302246);;
1.6331658291457287202;(0.41693559527497037198,-0.26311107508418574152);;
1.6783919597989949146;(0.39809724824864045623,-0.28572663280911714256);;
1.7236180904522613311;(0.37789258577450146603,-0.30736409477760878728);;
1.7688442211055277475;(0.35635610005951973145,-0.32792208224135088734);;
1.814070351758793942;(0.33353094854516646128,-0.34729667026614263747);;
1.8592964824120603584;(0.30946895390741752108,-0.36538138773189227093);;
1.9045226130653265528;(0.28423226417117219977,-0.38207080010959154626);;
1.9497487437185929693;(0.25789073001558748821,-0.39726984037724039078);;
1.9949748743718593857;(0.23052045312696373136,-0.4108863024963589905);;
2.0402010050251258022;(0.20220799351093265983,-0.42283010863667930268);;
2.0854271356783922187;(0.1730504040814357658,-0.43301332982310752895);;
2.1306532663316586351;(0.14315523066072408098,-0.44135018593572389323);;
2.1758793969849246075;(0.11264051688381838956,-0.44775935790031107242);;
2.221105527638191024;(0.081628567278127867057,-0.4521744106893734183);;
2.2663316582914574404;(0.050245095046892923607,-0.45453666327607689102);;
2.3115577889447234128;(0.018625387527899439633,-0.45479502920561476476);;
2.3567839195979898292;(-0.013085487254674899038,-0.45290625649862553681);;
2.4020100502512562457;(-0.044732680590258810938,-0.44883492765119320511);;
2.4472361809045226622;(-0.076153497608124287588,-0.44255666585294761717);;
2.4924623115577890786;(-0.1071895948203206439,-0.43406405565507394373);;
2.5376884422110554951;(-0.13768153914538244775,-0.4233598472926277112);;
2.5829145728643219115;(-0.16746383478562493208,-0.4104598017440799218);;
2.6281407035175878839;(-0.19636490432510278481,-0.39539280539085158717);;
2.6733668341708543004;(-0.22420720854902223551,-0.3782010240439312998);;
2.7185929648241207168;(-0.25081693871969279463,-0.35894378362624534962);;
2.7638190954773866892;(-0.27603196383771272382,-0.33769203456204416325);;
2.8090452261306531057;(-0.29969121407602083984,-0.31453095445330025992);;
2.8542713567839195221;(-0.32163392477540675429,-0.28956221201287291045);;
2.8994974874371859386;(-0.3416996364445121781,-0.26290396706450719355);;
2.944723618090452355;(-0.35973293700345426727,-0.23469121644259982595);;
2.9899497487437187715;(-0.37559845364622473918,-0.20506820839793199474);;
3.035175879396985188;(-0.38917053020118202999,-0.17418957948749458353);;
3.0804020100502511603;(-0.40033177266971553543,-0.14222653866644688336);;
3.1256281407035175768;(-0.40897310620576388107,-0.10936693032932928715);;
3.1708542713567839932;(-0.41499655502263482765,-0.075814336831111953097);;
3.2160804020100504097;(-0.41832841302539419681,-0.041774819438197954846);;
3.2613065326633168262;(-0.41891112868491975352,-0.0074580697787681587974);;
3.3065326633165827985;(-0.41670315290246623396,0.026913574760819181098);;
3.351758793969849215;(-0.41167924873791861273,0.061104917840743178115);;
3.3969849246231156314;(-0.40383278171125930323,0.094870104147207728884);;
3.4422110552763820479;(-0.39318252377307733036,0.12797180261750890073);;
3.4874371859296484644;(-0.37976559805760512489,0.16017632476883719717);;
3.5326633165829148808;(-0.36364114630707800035,0.19124475166161475359);;
3.5778894472361808532;(-0.34489069231595326226,0.22093286728406741348);;
3.6231155778894472697;(-0.32361980301830539641,0.24899664765470516659);;
3.6683417085427136861;(-0.29995391546037791786,0.27521375483335813739);;
3.7135678391959801026;(-0.2740368481167693715,0.2993712685890119185);;
3.758793969849246519;(-0.24603711735471189836,0.32126123728989491868);;
3.8040201005025124914;(-0.21614805345302023909,0.34068081479845141457);;
3.8492462311557789079;(-0.18458446667344580172,0.35744494082868843998);;
3.8944723618090453243;(-0.15156875672602482252,0.37139692045290317868);;
3.9396984924623117408;(-0.11734186638282569082,0.38239621273507623522);;
3.9849246231155781572;(-0.082167071154626097895,0.39031850596803685516);;
4.0301507537688436855;(-0.046327240027751855067,0.39505784295454776656);;
4.0753768844221109902;(-0.010107184561291671088,0.39654105604591494139);;
4.1206030150753765184;(0.026196532341217566159,0.39472047711374530499);;
4.1658291457286438231;(0.062279051241408540929,0.38957525155313271759);;
4.2110552763819093514;(0.097830760429230556596,0.38111313378416122877);;
4.2562814070351757678;(0.13253881763765892887,0.36937651200811655317);;
4.3015075376884421843;(0.16609312414423230142,0.35442638752608268682);;
4.3467336683417086007;(0.19818644790439915448,0.33635990773902346707);;
4.3919597989949750172;(0.22851830162071851138,0.31530494203373343742);;
4.4371859296482414337;(0.25679809491137345345,0.29141952310761765066);;
4.4824120603015078501;(0.28274825715398310688,0.2648912403578352337);;
4.5276381909547733784;(0.30610734828963553911,0.23593630422544478731);;
4.572864321608040683;(0.3266331228032330336,0.20479827650808868356);;
4.6180904522613062113;(0.34410551080946016889,0.17174646529366949244);;
4.6633165829145735159;(0.358329479257681216,0.137073987035243261);;
4.7085427135678390442;(0.36913773575867314669,0.10109550234799466462);;
4.7537688442211054607;(0.37639323746460362496,0.064144636322013892649);;
4.7989949748743718771;(0.37999146782824366753,0.026571098463523203786);;
4.8442211055276382936;(0.37986244495303544966,-0.011262478247889430583);;
4.8894472361809047101;(0.37597242664042740401,-0.048983955322127716026);;
4.9346733668341711265;(0.36832527915799989637,-0.086215335558041034103);;
4.979899497487437543;(0.35696347919771270751,-0.12257660629431187116);;
5.0251256281407039594;(0.34196872146766554845,-0.15768974270647501124);;
5.0703517587939703759;(0.32346210785505147278,-0.19118283097142280136);;
5.1155778894472359042;(0.30160389809671184214,-0.22269426766020727904);;
5.1608040201005023206;(0.27659280637282535054,-0.2518769886381023726);;
5.2060301507537687371;(0.24866483316638743339,-0.27840267811253716079);;
5.2512562814070351536;(0.21809162706531848297,-0.30196590633726705377);;
5.29648241206030157;(0.18517837687595528617,-0.32228814291438440121);;
5.3417085427135679865;(0.15026124040855773356,-0.33912159168955480215);;
5.3869346733668344029;(0.11370432252168535814,-0.3522527929597323304);;
5.4321608040201008194;(0.075896221399496310855,-0.3615059391495127894);;
5.4773869346733672359;(0.0372461685040597415,-0.36674585129758258129);;
5.5226130653266336523;(-0.0018202058929309623304,-0.36788056565479482218);;
5.5678391959799000688;(-0.040865443329744809142,-0.36486348244720667733);;
5.6130653266331655971;(-0.079445119484847309677,-0.35769503240696992608);;
5.6582914572864320135;(-0.11711294789833953667,-0.34642382101603125255);;
5.70351758793969843;(-0.15342606927984786536,-0.33114721552472686783);;
5.7487437185929648464;(-0.18795046560746836439,-0.3120113456694652565);;
5.7939698492462312629;(-0.220266433826175001,-0.28921049557769568095);;
5.8391959798994976794;(-0.24997405024951446784,-0.26298587155795621895);;
5.8844221105527640958;(-0.27669855384771091522,-0.23362373825852728038);;
5.9296482412060305123;(-0.30009557455459018316,-0.20145292395770733607);;
5.9748743718592969287;(-0.31985613162288911715,-0.16684170442712026317);;
6.0201005025125633452;(-0.33571132697059830052,-0.13019408378014762917);;
6.0653266331658297617;(-0.34743665944639529064,-0.091945499863166274546);;
6.1105527638190952899;(-0.35485588804319073697,-0.05255799094069134314);;
6.1557788944723617064;(-0.35784437533374202633,-0.012514869531549170645);;
6.2010050251256281229;(-0.35633184680346802198,0.027685041869872886039);;
6.2462311557788945393;(-0.35030450730795453795,0.067533549951984406245);;
6.2914572864321609558;(-0.33980646256269819716,0.10651953341185836643);;
6.3366834170854273722;(-0.324940401337837248,0.14413561093363336241);;
6.3819095477386937887;(-0.30586750281874930391,0.17988494932262946713);;
6.4271356783919602051;(-0.28280654332249327565,0.21328812128005297799);;
6.4723618090452266216;(-0.25603218712843883731,0.24388991788367722635);;
6.5175879396984930381;(-0.22587245746826481452,0.27126601764438218467);;
6.5628140703517585663;(-0.19270539558657892587,0.29502941214962724592);;
6.6080402010050249828;(-0.15695492807243688338,0.31483648787999396479);;
6.6532663316582913993;(-0.11908597520210691123,0.33039266487341478751);;
6.6984924623115578157;(-0.079598845639060389345,0.34145749557277321751);;
6.7437185929648242322;(-0.039022975311600913151,0.34784913146296836395);;
6.7889447236180906486;(0.0020899195736364143891,0.34944807099564623165);;
6.8341708542713570651;(0.04317319383398257604,0.3462001097999198862);;
6.8793969849246234816;(0.083653036551471535165,0.33811842324441243601);;
6.924623115577889898;(0.12295654401926874033,0.3252847219806379031);;
6.9698492462311563145;(0.16051999148653184335,0.30784943306186995926);;
7.0150753768844227309;(0.19579718550004099331,0.28603087246887631823);;
7.0603015075376882592;(0.22826777291236591272,0.26011338922860588463);;
7.1055276381909546757;(0.25744537863401767419,0.23044447660324079985);;
7.1507537688442210921;(0.28288544209920069017,0.19743086184626057467);;
7.1959798994974875086;(0.30419262231737209667,0.16153360253955181824);;
7.2412060301507539251;(0.32102764339207962019,0.12326223428928564929);;
7.2864321608040203415;(0.33311345657116775421,0.083168031299859987437);;
7.331658291457286758;(0.3402426492287498605,0.041840539007511057257);;
7.3768844221105531744;(0.3422775121488177974,-0.0001099461815824627237);;
7.4221105527638195909;(0.3391543328175177785,-0.042058632156034558847);;
7.4673366834170860074;(0.33088895576332216786,-0.083369441113106512731);;
7.5125628140703515356;(0.31757624683451768366,-0.12340830180407881544);;
7.5577889447236179521;(0.29939005774542715166,-0.16155305675316805614);;
7.6030150753768843686;(0.27658193632055272371,-0.19720341914446495868);;
7.648241206030150785;(0.24947856607714147259,-0.22979081927902700322);;
7.6934673366834172015;(0.21847793934528250692,-0.25878797672190578805);;
7.7386934673366836179;(0.18404428943774162053,-0.28371803312204973979);;
7.7839195979899500344;(0.14670182910948362243,-0.3041630823358311142);;
7.8291457286432164508;(0.10702736432497700347,-0.31977193901300610124);;
7.8743718592964828673;(0.065641873797073632679,-0.33026699426037781082);;
7.9195979899497492838;(0.023201165478565814737,-0.33545001738090585164);;
7.9648241206030157002;(-0.019614259225178638096,-0.33520677593816605722);;
8.0100502512562812285;(-0.062109984697660207409,-0.32951036240663522658);;
8.0552763819095467568;(-0.10358893884809353136,-0.3184231342697147471);;
8.1005025125628140614;(-0.14336295054907308155,-0.30209719539614504624);;
8.1457286432160813661;(-0.18076441679318358546,-0.28077336958358078967);;
8.1909547738693468943;(-0.21515788136613708814,-0.25477864197519972667);;
8.2361809045226124226;(-0.245951321857948213,-0.2245220702524848011);;
8.2814070351758797273;(-0.27260694033210947085,-0.19048919466219976782);;
8.3266331658291470319;(-0.29465125512125583951,-0.15323500358718664116);;
8.3718592964824125602;(-0.31168429713083739552,-0.11337553902746037859);;
8.4170854271356780885;(-0.3233877237583250297,-0.071578253505425584735);;
8.4623115577889453931;(-0.32953167705264962972,-0.028551256017850162872);;
8.5075376884422109214;(-0.32998022995092396448,0.014968390805997041498);;
8.552763819095478226;(-0.32469528516642948146,0.058227137743917439794);;
8.5979899497487437543;(-0.3137388153159534343,0.10046797579668712008);;
8.6432160804020092826;(-0.29727335984459907214,0.14094380162998110251);;
8.6884422110552765872;(-0.27556072383794505409,0.17893088730513528883);;
8.7336683417085438919;(-0.24895885544340790041,0.21374221071440643871);;
8.7788944723618094201;(-0.21791691183114017538,0.24474039816674184045);;
8.8241206030150749484;(-0.18296855783142762508,0.27135003014684433431);;
8.8693467336683422531;(-0.14472357596657026146,0.29306906558467554769);;
8.9145728643216095577;(-0.10385790089170052197,0.30947914913019786143);;
8.959798994974875086;(-0.061102224588095409297,0.32025457994280220886);;
9.0050251256281406143;(-0.017229350321216259367,0.32516973929401465915);;
9.0502512562814079189;(0.026959497306706735331,0.32410479766364186371);;
9.0954773869346734472;(0.070649172586570427312,0.31704954970075682752);;
9.1407035175879407518;(0.11302566296449953476,0.3041052570400492594);;
9.1859296482412062801;(0.15329142271927526098,0.28548441403219437795);;
9.2311557788944718084;(0.19068069786619865069,0.26150838939522541571);;
9.276381909547739113;(0.22447454577955866517,0.232602936969333568);;
9.3216080402010046413;(0.25401525032991240094,0.19929161043273216358);;
9.3668341708542719459;(0.27871983653076082277,0.16218715922514032046);;
9.4120603015075374742;(0.29809239793963671072,0.12198102518796043181);;
9.4572864321608047788;(0.31173496540358708318,0.079431100699908413487);;
9.5025125628140703071;(0.3193566670924665174,0.035347948476763785264);;
9.5477386934673376118;(0.32078095691173708071,-0.0094202801690284193592);;
9.59296482412060314;(0.31595072098436655095,-0.054003958810225939635);;
9.6381909547738704447;(0.30493110946501672531,-0.097528832772768372927);;
9.683417085427135973;(0.28790998289946828637,-0.1391332776847069852);;
9.7286432160804015012;(0.26519590795114117432,-0.17798563054033514352);;
9.7738693467336688059;(0.2372136857603490967,-0.21330124312636858375);;
9.8190954773869343342;(0.20449744656124405062,-0.24435890361261661252);;
9.8643216080402016388;(0.16768139545884314101,-0.27051627534734418168);;
9.9095477386934671671;(0.12748834540621550859,-0.29122401261359431857);;
9.9547738693467344717;(0.08471622332190559268,-0.30603823133915997179);;
10;(0.040222782835586071148,-0.31463103838959827208);;
